OLS estimate of A:

A_OLS =

    0.1144    1.4154    0.0680   -0.1202   -0.0315   -0.4724    0.0071    0.0866   -0.0146
    2.6987    0.6398    0.7400   -0.5838    0.0648   -0.7048   -0.0609    0.4165   -0.1116
    2.0656   -0.1282    0.0742    0.5982   -0.0612   -0.0818   -0.0352    0.1882    0.0003
    1.9319    0.2233   -0.3831   -0.5122    1.5032   -0.2609    0.2801    0.3631   -0.6812

OLS estimate of SIGMAU:

SIGMAU_OLS =

    0.0346    0.0045   -0.0002    0.0379
    0.0045    0.0741   -0.0006    0.0287
   -0.0002   -0.0006    0.0231   -0.0124
    0.0379    0.0287   -0.0124    0.3321

Posterior mean of A:

A_mean =

   -0.0276    1.2837    0.0740   -0.0665   -0.0298   -0.3271   -0.0065    0.0504   -0.0168
    0.2966    0.3856    0.8220    0.0497    0.0491   -0.2797   -0.0537   -0.0032   -0.0460
    0.2311   -0.2594    0.1292    1.0577   -0.0585    0.1585    0.0200   -0.1223    0.0330
    0.1021    0.1576   -0.2209   -0.0329    1.3748   -0.0237    0.1311    0.0654   -0.5103

Posterior mean of SIGMAU:

SIGMA_mean =

    0.0611    0.0057    0.0007    0.0371
    0.0057    0.1220    0.0156    0.0447
    0.0007    0.0156    0.0629   -0.0000
    0.0371    0.0447   -0.0000    0.3679

OLS standard error of A:

ans =

    0.4985    0.1664    0.1043    0.2012    0.0492    0.1724    0.1153    0.1698    0.0537
    0.7302    0.2437    0.1528    0.2946    0.0720    0.2526    0.1689    0.2488    0.0786
    0.4076    0.1360    0.0853    0.1645    0.0402    0.1410    0.0943    0.1389    0.0439
    1.5453    0.5157    0.3234    0.6236    0.1524    0.5345    0.3575    0.5265    0.1664

Posterior standard deviation of A:

se_A =

    0.1693    0.1697    0.1140    0.1643    0.0535    0.1660    0.1147    0.1536    0.0549
    0.2734    0.2626    0.1701    0.2492    0.0790    0.2557    0.1736    0.2318    0.0821
    0.1833    0.1774    0.1217    0.1754    0.0567    0.1724    0.1191    0.1648    0.0578
    0.5119    0.4493    0.2946    0.4349    0.1358    0.4379    0.3002    0.4056    0.1416

OLS lower 5th confidence interval of A:

ans =

   -0.8903    1.0801   -0.1423   -0.5256   -0.1306   -0.8199   -0.2253   -0.2557   -0.1228
    1.2272    0.1487    0.4320   -1.1776   -0.0804   -1.2138   -0.4014   -0.0848   -0.2701
    1.2440   -0.4024   -0.0977    0.2666   -0.1422   -0.3660   -0.2253   -0.0917   -0.0882
   -1.1825   -0.8159   -1.0349   -1.7689    1.1960   -1.3382   -0.4405   -0.6979   -1.0166

Posterior lower 5th percentile of A:

LOWER_A =

   -0.3063    0.9994   -0.1126   -0.3355   -0.1185   -0.5928   -0.1936   -0.2043   -0.1072
   -0.1444   -0.0573    0.5435   -0.3589   -0.0829   -0.6943   -0.3415   -0.3849   -0.1800
   -0.0684   -0.5463   -0.0701    0.7707   -0.1523   -0.1296   -0.1766   -0.3943   -0.0627
   -0.7295   -0.5763   -0.7029   -0.7482    1.1482   -0.7497   -0.3667   -0.5951   -0.7400

OLS upper 95th confidence interval of A:

ans =

    1.1191    1.7507    0.2783    0.2852    0.0676   -0.1248    0.2396    0.4289    0.0937
    4.1703    1.1308    1.0479    0.0100    0.2099   -0.1958    0.2795    0.9179    0.0469
    2.8871    0.1459    0.2462    0.9297    0.0199    0.2023    0.1549    0.4680    0.0888
    5.0463    1.2626    0.2686    0.7445    1.8103    0.8164    1.0006    1.4241   -0.3457

Posterior upper 95th percentile of A:

UPPER_A =

    0.2578    1.5560    0.2621    0.2024    0.0576   -0.0517    0.1828    0.3024    0.0730
    0.7528    0.8208    1.1027    0.4642    0.1781    0.1472    0.2301    0.3792    0.0910
    0.5335    0.0303    0.3282    1.3467    0.0346    0.4395    0.2179    0.1476    0.1279
    0.9319    0.9000    0.2746    0.6817    1.5951    0.6852    0.6187    0.7352   -0.2758

